image: base_map.pgm
resolution: 0.050000
origin: [-5.368961, -1.723622, 0.000000]
negate: 0
occupied_thresh: 0.65
free_thresh: 0.196

